2100,428.389,0.484848,476.296,0.666667
2200,428.075,0.484848,465.362,0.333333
2300,425.656,0.484848,472.855,0.666667
2400,423.293,0.454545,483.372,0.333333
2500,422.241,0.454545,447.832,0.0
2600,419.913,0.454545,469.896,0.666667
2700,416.869,0.484848,461.48,0.333333
2800,419.53,0.484848,440.927,0.666667
2900,412.518,0.484848,456.015,0.333333
3000,412.048,0.454545,420.089,0.0
3100,411.534,0.484848,431.197,0.333333
3200,414.423,0.454545,458.774,0.0
3300,410.271,0.454545,442.791,0.0
3400,412.2,0.454545,416.796,0.0
3500,407.72,0.484848,451.912,0.0
3600,408.226,0.454545,455.398,0.333333
3700,405.509,0.454545,431.793,0.333333
3800,404.057,0.424242,461.007,0.333333
3900,403.681,0.272727,431.383,0.666667
4000,400.478,0.333333,409.012,0.0
4100,403.991,0.333333,448.309,0.333333
